0
1505
944
1157
1945
1126
3108
541
973
1200
1070
2555
3434
3503
871
1505
0
1367
2491
2839
2578
4166
1824
2022
306
435
3691
4330
3997
634
944
1366
0
1290
1474
1510
2444
773
1912
1145
1069
2332
2981
2787
956
1157
2491
1290
0
1064
362
1990
675
1785
2204
2086
1422
2380
2701
1900
1945
2838
1474
1064
0
1412
1335
1411
2773
2617
2532
942
1524
1640
2395
1127
2579
1511
362
1412
0
2205
778
1544
2279
2154
1631
2641
3038
1958
3108
4166
2800
1990
1335
2205
0
2573
3755
3933
3918
574
559
1544
3689
541
1824
773
675
1411
778
2573
0
1404
1533
1413
2026
2893
2997
1226
973
2022
1912
1785
2773
1544
3755
1404
0
1756
1643
3182
4166
4392
1487
1200
306
1145
2204
2617
2279
3933
1533
1756
0
130
3441
4126
3863
328
1070
435
1069
2086
2532
2154
3918
1413
1643
130
0
3342
4047
3816
199
2555
3691
2332
1422
942
1631
574
2026
3182
3441
3342
0
1050
1792
3180
3434
4330
2981
2380
1524
2641
559
2893
4166
4126
4047
1050
0
1092
3916
3503
3997
2787
2701
1640
3038
1544
2997
4392
3863
3816
1792
1092
0
3734
871
634
956
1900
2395
1958
3689
1226
1487
328
199
3180
3916
3734
0